day	holiday	unam-vacation
20170915	0	0
20170916	1	0
20171101	0	0
20171102	1	0
20171120	1	0
20171212	0	0
20171218	0	1
20171219	0	1
20171220	0	1
20171221	0	1
20171222	0	1
20171225	1	1
20171226	0	1
20171227	0	1
20171228	0	1
20171229	0	1
20180101	1	1
20180102	0	1
20180103	0	1
20180104	0	1
20180105	0	1
20180205	1	0
20180319	1	0
20180326	0	1
20180327	0	1
20180328	0	1
20180329	1	1
20180330	1	1
20180501	1	0
20180510	0	0
20180515	0	0
20180702	0	1
20180703	0	1
20180704	0	1
20180705	0	1
20180706	0	1
20180709	0	1
20180710	0	1
20180711	0	1
20180712	0	1
20180713	0	1
20180716	0	1
20180717	0	1
20180718	0	1
20180719	0	1
20180720	0	1
20180915	0	0
20180916	1	0
20181101	0	0
20181102	1	0
20181119	1	0
20181201	1	0
20181212	0	0
20181217	0	1
20181218	0	1
20181219	0	1
20181220	0	1
20181221	0	1
20181224	0	1
20181225	1	1
20181226	0	1
20181227	0	1
20181228	0	1
20181231	0	1
20190101	1	1
20190102	0	1
20190103	0	1
20190104	0	1
20190204	1	0
20190318	1	0
20190415	0	1
20190416	0	1
20190417	0	1
20190418	1	1
20190419	1	1
20190501	1	0
20190510	0	0
20190515	0	0
20190701	0	1
20190702	0	1
20190703	0	1
20190704	0	1
20190705	0	1
20190708	0	1
20190709	0	1
20190710	0	1
20190711	0	1
20190712	0	1
20190715	0	1
20190716	0	1
20190717	0	1
20190718	0	1
20190719	0	1
20190915	0	0
20190916	1	0
20191101	0	0
20191102	1	0
20191118	1	0
20191212	0	0
20191216	0	1
20191217	0	1
20191218	0	1
20191219	0	1
20191220	0	1
20191223	0	1
20191224	0	1
20191225	1	1
20191226	0	1
20191227	0	1
20191230	0	1
20191231	0	1
20200101	1	1
20200102	0	1
20200103	0	1
20200203	1	0
20200316	1	0
20200406	0	1
20200407	0	1
20200408	0	1
20200409	1	1
20200410	1	1
20200501	1	0
20200510	0	0
20200515	0	0
20200706	0	1
20200707	0	1
20200708	0	1
20200709	0	1
20200710	0	1
20200713	0	1
20200714	0	1
20200715	0	1
20200716	0	1
20200717	0	1
20200720	0	1
20200721	0	1
20200722	0	1
20200723	0	1
20200724	0	1
20200915	0	0
20200916	1	0
20201101	0	0
20201102	1	0
20201116	1	0
20201212	0	0
20201214	0	1
20201215	0	1
20201216	0	1
20201217	0	1
20201218	0	1
20201221	0	1
20201222	0	1
20201223	0	1
20201224	0	1
20201225	1	1
20201228	0	1
20201229	0	1
20201230	0	1
20201231	0	1
20210101	1	1
20210201	1	0
20210315	1	0
20210329	0	1
20210330	0	1
20210331	0	1
20210401	1	1
20210402	1	1
20210501	1	0
20210510	0	0
20210515	0	0
20210705	0	1
20210706	0	1
20210707	0	1
20210708	0	1
20210709	0	1
20210712	0	1
20210713	0	1
20210714	0	1
20210715	0	1
20210716	0	1
20210719	0	1
20210720	0	1
20210721	0	1
20210722	0	1
20210723	0	1
20210915	0	0
20210916	1	0
20211101	0	0
20211102	1	0
20211115	1	0
20211212	0	0
20211220	0	1
20211221	0	1
20211222	0	1
20211223	0	1
20211224	0	1
20211225	1	0
20211227	0	1
20211228	0	1
20211229	0	1
20211230	0	1
20211231	0	1
20220101	1	0
20220103	0	1
20220104	0	1
20220105	0	1
20220207	1	0
20220321	1	0
20220411	0	1
20220412	0	1
20220413	0	1
20220414	1	1
20220415	1	1
20220501	1	0
20220510	0	0
20220515	0	0
20220704	0	1
20220705	0	1
20220706	0	1
20220707	0	1
20220708	0	1
20220711	0	1
20220712	0	1
20220713	0	1
20220714	0	1
20220715	0	1
20220718	0	1
20220719	0	1
20220720	0	1
20220721	0	1
20220722	0	1
20220915	0	0
20220916	1	0
20221101	0	0
20221102	1	0
20221121	1	0
20221212	0	0
20221219	0	1
20221220	0	1
20221221	0	1
20221222	0	1
20221223	0	1
20221225	1	0
20221226	0	1
20221227	0	1
20221228	0	1
20221229	0	1
20221230	0	1
20230101	1	0
20230102	0	1
20230103	0	1
20230104	0	1
20230206	1	0
20230320	1	0
20230403	0	1
20230404	0	1
20230405	0	1
20230406	1	1
20230407	1	1
20230501	1	0
20230510	0	0
20230515	0	0
20230703	0	1
20230704	0	1
20230705	0	1
20230706	0	1
20230707	0	1
20230710	0	1
20230711	0	1
20230712	0	1
20230713	0	1
20230714	0	1
20230717	0	1
20230718	0	1
20230719	0	1
20230720	0	1
20230721	0	1
20230915	0	0
20230916	1	0
20231101	0	0
20231102	1	0
20231120	1	0
20231212	0	0
20231218	0	1
20231219	0	1
20231220	0	1
20231221	0	1
20231222	0	1
20231225	1	1
20231226	0	1
20231227	0	1
20231228	0	1
20231229	0	1
20240101	1	1
20240102	0	1
20240103	0	1
20240104	0	1
20240105	0	1
20240205	1	0
20240318	1	0
20240325	0	1
20240326	0	1
20240327	0	1
20240328	1	1
20240329	1	1
20240501	1	0
20240510	0	0
20240515	0	0
20240701	0	1
20240702	0	1
20240703	0	1
20240704	0	1
20240705	0	1
20240708	0	1
20240709	0	1
20240710	0	1
20240711	0	1
20240712	0	1
20240715	0	1
20240716	0	1
20240717	0	1
20240718	0	1
20240719	0	1
20240915	0	0
20240916	1	0
20241101	0	0
20241102	1	0
20241118	1	0
20241212	0	0
20241216	0	1
20241217	0	1
20241218	0	1
20241219	0	1
20241220	0	1
20241223	0	1
20241224	0	1
20241225	1	1
20241226	0	1
20241227	0	1
20241230	0	1
20241231	0	1
20250101	1	1
20250102	0	1
20250103	0	1
20250203	1	0
20250317	1	0
20250414	0	1
20250415	0	1
20250416	0	1
20250417	1	1
20250418	1	1
20250501	1	0
20250510	0	0
20250515	0	0
20250707	0	1
20250708	0	1
20250709	0	1
20250710	0	1
20250711	0	1
20250714	0	1
20250715	0	1
20250716	0	1
20250717	0	1
20250718	0	1
20250721	0	1
20250722	0	1
20250723	0	1
20250724	0	1
20250725	0	1
20250915	0	0
20250916	1	0
20251101	0	0
20251102	1	0
20251117	1	0
20251212	0	0
20251215	0	1
20251216	0	1
20251217	0	1
20251218	0	1
20251219	0	1
20251222	0	1
20251223	0	1
20251224	0	1
20251225	1	1
20251226	0	1
20251229	0	1
20251230	0	1
20251231	0	1
20260101	1	1
20260102	0	1
20260202	1	0
20260316	1	0
20260330	0	1
20260331	0	1
20260401	0	1
20260402	1	1
20260403	1	1
20260501	1	0
20260510	0	0
20260515	0	0
20260706	0	1
20260707	0	1
20260708	0	1
20260709	0	1
20260710	0	1
20260713	0	1
20260714	0	1
20260715	0	1
20260716	0	1
20260717	0	1
20260720	0	1
20260721	0	1
20260722	0	1
20260723	0	1
20260724	0	1
20260915	0	0
20260916	1	0
20261101	0	0
20261102	1	0
20261116	1	0
20261212	0	0
20261214	0	1
20261215	0	1
20261216	0	1
20261217	0	1
20261218	0	1
20261221	0	1
20261222	0	1
20261223	0	1
20261224	0	1
20261225	1	1
20261228	0	1
20261229	0	1
20261230	0	1
20261231	0	1
20270101	1	1
20270201	1	0
20270315	1	0
20270322	0	1
20270323	0	1
20270324	0	1
20270325	1	1
20270326	1	1
20270501	1	0
20270510	0	0
20270515	0	0
20270705	0	1
20270706	0	1
20270707	0	1
20270708	0	1
20270709	0	1
20270712	0	1
20270713	0	1
20270714	0	1
20270715	0	1
20270716	0	1
20270719	0	1
20270720	0	1
20270721	0	1
20270722	0	1
20270723	0	1